connString:dbname='hipspec' host='localhost'
finished

invoked extractFeatures with args ['./data/library.tiplib', '1', 'afa']
9 features are used...
  (0, 5)	0.723089169067
  (0, 1)	0.690754698557
  (1, 6)	0.667549624884
  (1, 2)	0.744565308296
  (2, 8)	0.702192688429
  (2, 6)	0.420384839207
  (2, 1)	0.574632069485
  (3, 8)	0.744468710537
  (3, 6)	0.445694414554
  (3, 2)	0.497114501766
  (4, 6)	0.667549624884
  (4, 2)	0.744565308296
  (5, 5)	0.602346910989
  (5, 3)	0.798234425982
  (6, 6)	0.667549624884
  (6, 2)	0.744565308296
  (7, 6)	0.466468071941
  (7, 3)	0.884538036412
  (8, 5)	0.723089169067
  (8, 1)	0.690754698557
  (9, 5)	0.723089169067
  (9, 1)	0.690754698557
  (10, 8)	0.5553038195
  (10, 7)	0.744408789983
  (10, 2)	0.370800784039
  :	:
  (18, 4)	0.707106781187
  (18, 0)	0.707106781187
  (19, 6)	0.667549624884
  (19, 2)	0.744565308296
  (20, 6)	0.667549624884
  (20, 2)	0.744565308296
  (21, 8)	0.702192688429
  (21, 6)	0.420384839207
  (21, 1)	0.574632069485
  (22, 6)	0.667549624884
  (22, 2)	0.744565308296
  (23, 5)	0.723089169067
  (23, 1)	0.690754698557
  (24, 6)	0.667549624884
  (24, 2)	0.744565308296
  (25, 6)	0.466468071941
  (25, 3)	0.884538036412
  (26, 5)	0.723089169067
  (26, 1)	0.690754698557
  (27, 6)	0.667549624884
  (27, 2)	0.744565308296
  (28, 6)	0.590438960296
  (28, 1)	0.807082297021
  (29, 6)	0.667549624884
  (29, 2)	0.744565308296
------------------------------------
Cluster 0
append
double
equal
fac
half
mult
mult2
one
plus
qrev
rev
sorted
unequal

Cluster summary: 
13 number of lemmas

------------------------------------
Cluster 1
count
drop
elem
even
exp
insert2
intersect2
isort
le
length
qexp
qfac
qrevflat
revflat
rotate
subset2
union2

Cluster summary: 
17 number of lemmas

####################################################################

connString:dbname='hipspec' host='localhost'
finished

invoked extractFeatures with args ['./data/library.tiplib', '1', 'afa']
9 features are used...
  (0, 5)	0.723089169067
  (0, 1)	0.690754698557
  (1, 6)	0.667549624884
  (1, 2)	0.744565308296
  (2, 8)	0.702192688429
  (2, 6)	0.420384839207
  (2, 1)	0.574632069485
  (3, 8)	0.744468710537
  (3, 6)	0.445694414554
  (3, 2)	0.497114501766
  (4, 6)	0.667549624884
  (4, 2)	0.744565308296
  (5, 5)	0.602346910989
  (5, 3)	0.798234425982
  (6, 6)	0.667549624884
  (6, 2)	0.744565308296
  (7, 6)	0.466468071941
  (7, 3)	0.884538036412
  (8, 5)	0.723089169067
  (8, 1)	0.690754698557
  (9, 5)	0.723089169067
  (9, 1)	0.690754698557
  (10, 8)	0.5553038195
  (10, 7)	0.744408789983
  (10, 2)	0.370800784039
  :	:
  (18, 4)	0.707106781187
  (18, 0)	0.707106781187
  (19, 6)	0.667549624884
  (19, 2)	0.744565308296
  (20, 6)	0.667549624884
  (20, 2)	0.744565308296
  (21, 8)	0.702192688429
  (21, 6)	0.420384839207
  (21, 1)	0.574632069485
  (22, 6)	0.667549624884
  (22, 2)	0.744565308296
  (23, 5)	0.723089169067
  (23, 1)	0.690754698557
  (24, 6)	0.667549624884
  (24, 2)	0.744565308296
  (25, 6)	0.466468071941
  (25, 3)	0.884538036412
  (26, 5)	0.723089169067
  (26, 1)	0.690754698557
  (27, 6)	0.667549624884
  (27, 2)	0.744565308296
  (28, 6)	0.590438960296
  (28, 1)	0.807082297021
  (29, 6)	0.667549624884
  (29, 2)	0.744565308296
------------------------------------
Cluster 0
append
double
equal
fac
half
mult
mult2
one
plus
qrev
rev
sorted
unequal

Cluster summary: 
13 number of lemmas

------------------------------------
Cluster 1
count
drop
elem
even
exp
insert2
intersect2
isort
le
length
qexp
qfac
qrevflat
revflat
rotate
subset2
union2

Cluster summary: 
17 number of lemmas

####################################################################

connString:dbname='hipspec' host='localhost'
finished

invoked extractFeatures with args ['./data/library.tiplib', '1', 'afa']
9 features are used...
  (0, 5)	0.723089169067
  (0, 1)	0.690754698557
  (1, 6)	0.667549624884
  (1, 2)	0.744565308296
  (2, 8)	0.702192688429
  (2, 6)	0.420384839207
  (2, 1)	0.574632069485
  (3, 8)	0.744468710537
  (3, 6)	0.445694414554
  (3, 2)	0.497114501766
  (4, 6)	0.667549624884
  (4, 2)	0.744565308296
  (5, 5)	0.602346910989
  (5, 3)	0.798234425982
  (6, 6)	0.667549624884
  (6, 2)	0.744565308296
  (7, 6)	0.466468071941
  (7, 3)	0.884538036412
  (8, 5)	0.723089169067
  (8, 1)	0.690754698557
  (9, 5)	0.723089169067
  (9, 1)	0.690754698557
  (10, 8)	0.5553038195
  (10, 7)	0.744408789983
  (10, 2)	0.370800784039
  :	:
  (18, 4)	0.707106781187
  (18, 0)	0.707106781187
  (19, 6)	0.667549624884
  (19, 2)	0.744565308296
  (20, 6)	0.667549624884
  (20, 2)	0.744565308296
  (21, 8)	0.702192688429
  (21, 6)	0.420384839207
  (21, 1)	0.574632069485
  (22, 6)	0.667549624884
  (22, 2)	0.744565308296
  (23, 5)	0.723089169067
  (23, 1)	0.690754698557
  (24, 6)	0.667549624884
  (24, 2)	0.744565308296
  (25, 6)	0.466468071941
  (25, 3)	0.884538036412
  (26, 5)	0.723089169067
  (26, 1)	0.690754698557
  (27, 6)	0.667549624884
  (27, 2)	0.744565308296
  (28, 6)	0.590438960296
  (28, 1)	0.807082297021
  (29, 6)	0.667549624884
  (29, 2)	0.744565308296
------------------------------------
Cluster 0
append
double
equal
fac
half
mult
mult2
one
plus
qrev
rev
sorted
unequal

Cluster summary: 
13 number of lemmas

------------------------------------
Cluster 1
count
drop
elem
even
exp
insert2
intersect2
isort
le
length
qexp
qfac
qrevflat
revflat
rotate
subset2
union2

Cluster summary: 
17 number of lemmas

####################################################################

connString:dbname='hipspec' host='localhost'
finished

invoked extractFeatures with args ['./data/library.tiplib', '1', 'afa']
9 features are used...
  (0, 5)	0.723089169067
  (0, 1)	0.690754698557
  (1, 6)	0.667549624884
  (1, 2)	0.744565308296
  (2, 8)	0.702192688429
  (2, 6)	0.420384839207
  (2, 1)	0.574632069485
  (3, 8)	0.744468710537
  (3, 6)	0.445694414554
  (3, 2)	0.497114501766
  (4, 6)	0.667549624884
  (4, 2)	0.744565308296
  (5, 5)	0.602346910989
  (5, 3)	0.798234425982
  (6, 6)	0.667549624884
  (6, 2)	0.744565308296
  (7, 6)	0.466468071941
  (7, 3)	0.884538036412
  (8, 5)	0.723089169067
  (8, 1)	0.690754698557
  (9, 5)	0.723089169067
  (9, 1)	0.690754698557
  (10, 8)	0.5553038195
  (10, 7)	0.744408789983
  (10, 2)	0.370800784039
  :	:
  (18, 4)	0.707106781187
  (18, 0)	0.707106781187
  (19, 6)	0.667549624884
  (19, 2)	0.744565308296
  (20, 6)	0.667549624884
  (20, 2)	0.744565308296
  (21, 8)	0.702192688429
  (21, 6)	0.420384839207
  (21, 1)	0.574632069485
  (22, 6)	0.667549624884
  (22, 2)	0.744565308296
  (23, 5)	0.723089169067
  (23, 1)	0.690754698557
  (24, 6)	0.667549624884
  (24, 2)	0.744565308296
  (25, 6)	0.466468071941
  (25, 3)	0.884538036412
  (26, 5)	0.723089169067
  (26, 1)	0.690754698557
  (27, 6)	0.667549624884
  (27, 2)	0.744565308296
  (28, 6)	0.590438960296
  (28, 1)	0.807082297021
  (29, 6)	0.667549624884
  (29, 2)	0.744565308296
------------------------------------
Cluster 0
count
drop
elem
even
exp
insert2
intersect2
isort
le
length
plus
qexp
qfac
qrevflat
revflat
rotate
subset2
union2

Cluster summary: 
18 number of lemmas

------------------------------------
Cluster 1
append
double
equal
fac
half
mult
mult2
one
qrev
rev
sorted
unequal

Cluster summary: 
12 number of lemmas

####################################################################

connString:dbname='hipspec' host='localhost'
finished

invoked extractFeatures with args ['./data/library.tiplib', '1', 'afa']
9 features are used...
  (0, 5)	0.723089169067
  (0, 1)	0.690754698557
  (1, 6)	0.667549624884
  (1, 2)	0.744565308296
  (2, 8)	0.702192688429
  (2, 6)	0.420384839207
  (2, 1)	0.574632069485
  (3, 8)	0.744468710537
  (3, 6)	0.445694414554
  (3, 2)	0.497114501766
  (4, 6)	0.667549624884
  (4, 2)	0.744565308296
  (5, 5)	0.602346910989
  (5, 3)	0.798234425982
  (6, 6)	0.667549624884
  (6, 2)	0.744565308296
  (7, 6)	0.466468071941
  (7, 3)	0.884538036412
  (8, 5)	0.723089169067
  (8, 1)	0.690754698557
  (9, 5)	0.723089169067
  (9, 1)	0.690754698557
  (10, 8)	0.5553038195
  (10, 7)	0.744408789983
  (10, 2)	0.370800784039
  :	:
  (18, 4)	0.707106781187
  (18, 0)	0.707106781187
  (19, 6)	0.667549624884
  (19, 2)	0.744565308296
  (20, 6)	0.667549624884
  (20, 2)	0.744565308296
  (21, 8)	0.702192688429
  (21, 6)	0.420384839207
  (21, 1)	0.574632069485
  (22, 6)	0.667549624884
  (22, 2)	0.744565308296
  (23, 5)	0.723089169067
  (23, 1)	0.690754698557
  (24, 6)	0.667549624884
  (24, 2)	0.744565308296
  (25, 6)	0.466468071941
  (25, 3)	0.884538036412
  (26, 5)	0.723089169067
  (26, 1)	0.690754698557
  (27, 6)	0.667549624884
  (27, 2)	0.744565308296
  (28, 6)	0.590438960296
  (28, 1)	0.807082297021
  (29, 6)	0.667549624884
  (29, 2)	0.744565308296
------------------------------------
Cluster 0
append
double
equal
fac
half
mult
mult2
one
plus
qrev
rev
sorted
unequal

Cluster summary: 
13 number of lemmas

------------------------------------
Cluster 1
count
drop
elem
even
exp
insert2
intersect2
isort
le
length
qexp
qfac
qrevflat
revflat
rotate
subset2
union2

Cluster summary: 
17 number of lemmas

####################################################################

connString:dbname='hipspec' host='localhost'
finished

invoked extractFeatures with args ['./data/library.tiplib', '1', 'afa']
9 features are used...
  (0, 5)	0.723089169067
  (0, 1)	0.690754698557
  (1, 6)	0.667549624884
  (1, 2)	0.744565308296
  (2, 8)	0.702192688429
  (2, 6)	0.420384839207
  (2, 1)	0.574632069485
  (3, 8)	0.744468710537
  (3, 6)	0.445694414554
  (3, 2)	0.497114501766
  (4, 6)	0.667549624884
  (4, 2)	0.744565308296
  (5, 5)	0.602346910989
  (5, 3)	0.798234425982
  (6, 6)	0.667549624884
  (6, 2)	0.744565308296
  (7, 6)	0.466468071941
  (7, 3)	0.884538036412
  (8, 5)	0.723089169067
  (8, 1)	0.690754698557
  (9, 5)	0.723089169067
  (9, 1)	0.690754698557
  (10, 8)	0.5553038195
  (10, 7)	0.744408789983
  (10, 2)	0.370800784039
  :	:
  (18, 4)	0.707106781187
  (18, 0)	0.707106781187
  (19, 6)	0.667549624884
  (19, 2)	0.744565308296
  (20, 6)	0.667549624884
  (20, 2)	0.744565308296
  (21, 8)	0.702192688429
  (21, 6)	0.420384839207
  (21, 1)	0.574632069485
  (22, 6)	0.667549624884
  (22, 2)	0.744565308296
  (23, 5)	0.723089169067
  (23, 1)	0.690754698557
  (24, 6)	0.667549624884
  (24, 2)	0.744565308296
  (25, 6)	0.466468071941
  (25, 3)	0.884538036412
  (26, 5)	0.723089169067
  (26, 1)	0.690754698557
  (27, 6)	0.667549624884
  (27, 2)	0.744565308296
  (28, 6)	0.590438960296
  (28, 1)	0.807082297021
  (29, 6)	0.667549624884
  (29, 2)	0.744565308296
------------------------------------
Cluster 0
append
double
equal
fac
half
mult
mult2
one
plus
qrev
rev
sorted
unequal

Cluster summary: 
13 number of lemmas

------------------------------------
Cluster 1
count
drop
elem
even
exp
insert2
intersect2
isort
le
length
qexp
qfac
qrevflat
revflat
rotate
subset2
union2

Cluster summary: 
17 number of lemmas

####################################################################

####################################################################

####################################################################

####################################################################

